start=2407.850000
sub-delay=0.100000
